24.158817968558527
Bmi:24.158817968558527
Bmi:24.158817968558527
Bmi:25.770399305555557, other info: {"height":{"value":1.92},"weight":{"value":95.0},"time":[0,0,0,0]}
